InitialMoves      BFS                 TilesOutofPlace                 Manhattan
================================================================================
| 20              1755                  27                               27
| 40             509695                 228                              80
| 60                                    47514                            975
| 80                                    36816                            595
|100                                    1603504                          10752
|120                                    401625                           4320                          
|140                                                                     139880
|160                                                                     101102 
|180                                                                     365159
|200                                                                     74234                                     
|250                                                                     283724 
|300                                                                     1975478